Form\БыстрыйСтарт\Форма.bsl-->db274cf9-ac42-4173-bf33-7ab136b71fe6.0 (298, 346)
Form\ВизуальноеСравнениеТаблиц\Форма.bsl-->a31831e2-7608-401c-bd52-49797796e2ef.0 (1 798, 2 382)
Form\ВопросОПодключенииКСуществующемуТП\Форма.bsl-->22c44cfc-b655-409b-a4aa-83a1e69e496f.0 (725, 804)
Form\ВыборИнтерактивныхОбъектов\Форма.bsl-->ee1afb41-9160-48a9-a54e-327f76b5beaf.0 (2 480, 3 461)
Form\ВыборОбъектаМетаданных\Форма.bsl-->fec22598-125f-4220-9ef8-cee40edf0b11.0 (1 078, 1 338)
Form\ВыборОбъектовИБ\Форма.bsl-->387c6937-43df-4281-ba15-b3f0980a16aa.0 (1 915, 2 672)
Form\ВыборТипаШага\Форма.bsl-->1e3b514f-cc36-4cae-bedb-09f8328d01c2.0 (779, 1 327)
Form\ИсследовательФормИИхЭлементов\Форма.bsl-->94b41bbe-7271-4e00-8ac1-c226bf71bbd6.0 (2 172, 3 176)
Form\КлючиИдентификации\Форма.bsl-->3b51632b-e18b-4e3a-9074-7ab0eb9a8557.0 (2 934, 4 868)
Form\КонструкторДат\Форма.bsl-->bba19452-e563-4d49-a29f-f8a3f8db726d.0 (1 672, 2 226)
Form\КонтрольныйПример\Форма.bsl-->740b4d2e-b2a4-4825-8d1c-63980d45292c.0 (1 788, 2 603)
Form\Макрошаг\Форма.bsl-->6dfbc59c-e074-46e7-9dbf-62e239b4ea37.0 (4 802, 6 494)
Form\НастройкаОбновленияРеквизитов\Форма.bsl-->813eb7f8-5090-4a06-a365-41445756ebf2.0 (3 058, 3 209)
Form\НастройкаРеквизитов\Форма.bsl-->626f6444-52e5-4466-bb20-d9db8f366805.0 (1 520, 1 840)
Form\НастройкаСценария\Форма.bsl-->fcc2da43-2e39-4e92-a4c6-9716a3351674.0 (3 833, 4 238)
Form\НастройкаШага_АвтогруппаБЛ\Форма.bsl-->274ce351-0c2a-4636-bd0e-d9b54cc388cf.0 (4 307, 6 176)
Form\НастройкаШага_АвтогруппаТабличныйДокумент\Форма.bsl-->eab27e35-52b5-485b-b313-54098cc7e644.0 (3 776, 5 864)
Form\НастройкаШага_Воспроизвести\Форма.bsl-->a043a17b-7f28-40a1-a4ad-fcd97bf6a876.0 (3 579, 6 805)
Form\НастройкаШага_ВыполнитьВручную\Форма.bsl-->d36b3178-d596-4482-868d-5575884cae8f.0 (1 434, 2 197)
Form\НастройкаШага_ВыполнитьЗапрос\Форма.bsl-->abe52019-b403-4170-b6a3-3bc4a41acf48.0 (3 922, 6 530)
Form\НастройкаШага_ВыполнитьИнтерактивныйСкрипт\Форма.bsl-->c87cfa56-d3c0-4fdb-b6e6-cb7419e01f56.0 (2 259, 3 240)
Form\НастройкаШага_ВыполнитьКлиентскуюПроцедуру\Форма.bsl-->ef317979-a56d-4b58-85a9-f799f3e556ab.0 (3 041, 4 287)
Form\НастройкаШага_ВыполнитьПроцедуру\Форма.bsl-->afc289c7-c633-4980-aaf3-3a349571f415.0 (3 390, 4 896)
Form\НастройкаШага_ДвиженияДокумента\Форма.bsl-->bdfc0b7b-4cf6-4f17-be16-127968ff41a0.0 (2 462, 5 124)
Form\НастройкаШага_ДействиеСТаблицей\Форма.bsl-->e201d5ed-4dc4-466a-8921-326a4e715722.0 (4 284, 6 063)
Form\НастройкаШага_ДействиеСТД\Форма.bsl-->fbc8692a-43f7-49d0-8a69-ea31edc8bd9a.0 (3 045, 4 355)
Form\НастройкаШага_ЗакрытьОкно\Форма.bsl-->653a1e4d-668d-4c99-8f26-a32426e729a7.0 (2 420, 3 355)
Form\НастройкаШага_ЗаполнитьОдинЭлемент\Форма.bsl-->d3affd00-ced5-455c-be67-6d23a2c36767.0 (3 625, 5 263)
Form\НастройкаШага_ЗаполнитьЭлементыФормы\Форма.bsl-->daa2f6b2-af55-49c0-9821-bf6e7a610b78.0 (3 516, 5 304)
Form\НастройкаШага_ИнтерактивнаяАвтогруппа\Форма.bsl-->839416ab-23ce-4a47-b899-62996a38591f.0 (2 898, 3 975)
Form\НастройкаШага_ИспользоватьСсылку\Форма.bsl-->aa95656d-744a-44ce-9326-4a9776ea3b72.0 (3 922, 6 524)
Form\НастройкаШага_Комментарий\Форма.bsl-->f82fff98-4519-4c93-99f7-95f97288916a.0 (1 085, 1 822)
Form\НастройкаШага_Макрошаг\Форма.bsl-->745413d2-74ae-4419-b6ad-68ca730aaa6f.0 (2 918, 4 144)
Form\НастройкаШага_НажатьКнопку\Форма.bsl-->aff0e36a-d141-41be-928a-f3ae98d41434.0 (2 724, 4 119)
Form\НастройкаШага_НажатьКнопкуКИ\Форма.bsl-->3af16aa0-2327-49cd-b338-fefd479514ce.0 (2 724, 4 128)
Form\НастройкаШага_НайтиСтрокуТаблицы\Форма.bsl-->5d38c2f4-f62e-4a43-841d-1d42b020008b.0 (3 643, 5 263)
Form\НастройкаШага_НайтиФорму\Форма.bsl-->08fe4c8b-42f7-4038-9ce3-ab7cff8131a8.0 (4 601, 6 085)
Form\НастройкаШага_НайтиЭлементФормы\Форма.bsl-->f2004e4d-0ee4-49f8-90fd-fbd3e74801d5.0 (4 538, 6 745)
Form\НастройкаШага_Пауза\Форма.bsl-->baf0d13d-8ca4-4cb6-aa74-d00dc2274117.0 (2 356, 3 458)
Form\НастройкаШага_ПерейтиПоНавигационнойСсылке\Форма.bsl-->1b8b64fe-7b73-43ee-8a43-949f246e6fff.0 (2 312, 3 250)
Form\НастройкаШага_Повторение\Форма.bsl-->8724f561-25bd-4d05-8091-335797e4f80d.0 (3 200, 4 517)
Form\НастройкаШага_ПользовательскаяГруппа\Форма.bsl-->4411042a-27e9-4164-a774-ba6fdc80eaeb.0 (1 667, 2 487)
Form\НастройкаШага_ПроверитьФорму\Форма.bsl-->efc5467e-b137-4cd5-b00a-1148a2b65fd3.0 (2 836, 3 945)
Form\НастройкаШага_СообщениеПользователю\Форма.bsl-->fce114a3-86cc-49ba-929a-da0e8a997c79.0 (2 358, 3 606)
Form\НастройкаШага_ТаблицаФормы\Форма.bsl-->e646310a-1aac-48b7-8a00-37d33f61e9fd.0 (2 770, 4 143)
Form\НастройкаШага_ТекстОшибки\Форма.bsl-->e52a389d-f809-4b27-9f95-67cef86a2b02.0 (3 403, 4 830)
Form\НастройкаШага_Условие\Форма.bsl-->7e2a7204-86cf-4bb6-9f16-12054b7fcafc.0 (2 651, 3 799)
Form\НастройкаШага_ЯчейкаТД\Форма.bsl-->0ac739df-54df-49a5-b898-c9184b1beff9.0 (2 449, 3 517)
Form\НастройкаШага\Форма.bsl-->dc9cdfd4-b183-4ddb-83dd-4703a6311a7d.0 (4 036, 6 619)
Form\НастройкаШаговПоУмолчанию\Форма.bsl-->9864dcb7-8ba9-40eb-ba80-cc0701531ff9.0 (2 454, 3 608)
Form\НастройкаЭталоннойБазы\Форма.bsl-->dcd0ec3e-7f20-4041-8379-3607750e5893.0 (3 023, 3 977)
Form\ОсновнаяФорма\Форма.bsl-->1d0b7072-4b37-44a0-a497-fd86c615bad0.0 (16 202, 35 859)
Form\ОткрытиеСценария\Форма.bsl-->c2a48001-7ecf-4e15-9ffa-3171fd8f83f3.0 (4 293, 6 603)
Form\ОтображениеШаблонаШагов\Форма.bsl-->b422a6ff-c4c2-4544-af05-b9fe42f50a07.0 (2 494, 2 722)
Form\ПараметрыЗапускаТестируемогоКлиента\Форма.bsl-->78a6bb18-6e18-41f3-a3c7-ae40d3514310.0 (2 391, 2 677)
Form\ПоискИЗамена\Форма.bsl-->5f1872be-e363-4b46-a22e-5180e3dfe206.0 (2 551, 3 216)
Form\ПравилоПоискаОбъекта\Форма.bsl-->becbc728-2984-4375-8199-4296fa0fda36.0 (1 009, 1 126)
Form\ПротоколВыполнения\Форма.bsl-->c5491c83-6a15-4537-89f0-87748435abcc.0 (166, 506)
Form\ПроцедурыВыполнения\Форма.bsl-->b0196bc4-7335-479b-a789-7f1677eb59b1.0 (122, 9 578)
Form\РаботаСЖурналомДействийПользователя\Форма.bsl-->f15d00a9-3b92-41b5-b0f2-d1d058c8722d.0 (2 382, 5 427)
Form\РедактированиеЯчейкиТаблицы\Форма.bsl-->c03fa869-5b31-4b79-a65c-5e617528f823.0 (1 075, 1 711)
Form\РедакторМногострочногоТекста\Форма.bsl-->a5407f1d-992e-43a5-aa2e-7f92f5e97d9f.0 (253, 373)
Form\СообщениеОбОшибкеВыполнения\Форма.bsl-->7a351017-d295-46a4-8f10-c8dbc5ffd1bf.0 (934, 1 421)
Form\Сообщения\Форма.bsl-->44f35512-0340-4723-a090-70abf3dc5e9c.0 (776, 865)
Form\СообщенияПротоколаВыполнения\Форма.bsl-->0804939f-f8a4-4534-925f-0cdb9086c5b3.0 (296, 612)
Form\СохранениеСценария\Форма.bsl-->79a4560d-777b-49ec-8531-b2c6b443bfb3.0 (889, 2 098)
Form\СписокЗагружаемыхМакрошагов\Форма.bsl-->d09b2349-db54-420f-8452-8d40d3d371f4.0 (975, 1 373)
Form\СписокМакрошагов\Форма.bsl-->65ec303a-6643-41fc-af3b-598f06e3f7cb.0 (785, 1 829)
Form\СписокШаблоновШагов\Форма.bsl-->63b90350-a44f-4620-92b0-29040fa2dcbc.0 (1 697, 2 497)
Form\СпособПоискаЭлементаФормы\Форма.bsl-->83b8b6da-07cd-450b-a666-5656226f3222.0 (1 994, 3 101)
Form\СсылкиСценария\Форма.bsl-->adabd48d-2c69-4da6-895f-c0facabc2086.0 (1 511, 2 191)
Form\СтруктураДанныхШага\Форма.bsl-->6438c815-eb52-4adb-b5ed-4a39d4f7e675.0 (1 298, 1 350)
Form\ФормаГлобальныхПараметров\Форма.bsl-->4a94b151-53cd-472e-b637-95b065fb9188.0 (1 174, 2 088)
Макеты\КартинкаИнформация32.txt-->1265b7fd-e379-4df7-bdf7-48b5cd233e30.0
Макеты\КартинкаКомментария.txt-->ce45154d-9ec6-4fd8-b064-870b036dcddf.0
Макеты\МакетКонтрольногоПримера.mxl-->99287c86-8022-4c3f-bb0b-d09690585743.0
Макеты\МакетПротокола.mxl-->6d83ef88-241f-4f8a-99a4-2f9660c15b40.0
Макеты\СхемаXSD_82_03.txt-->81e5f599-886f-433d-8a4f-c0778aec8ef8.0
Макеты\СхемаМакрошагов.txt-->ae88d7bf-9c3a-4947-87c6-5e74ed827193.0
